Scan Type: One Motor, Start, Stop, Increment
Motor: X
Start: -154.50000000
Stop: -153.50000000
Step: 0.05000000
Delay After Move (s): 0.50000000
Count Time (s): 0.50000000
Scan Number: 2
Stay at End: 0
Direction: Reverse
Description Length: 32
checking coordiantes 50 um steps
End_Of_Header
Time of Day	Time (s)	X	AI 0	DMI	X Velocity	Y Velocity	AI 1	AI 2	Tiltmeter 1	Tiltmeter 2	Temp (Tiltmeters 1 and 2)	Tiltmeter A	Tiltmeter B	Temp (Tiltmeter A and B)	Temperature 1	Temperature 2	Temperature 3	Temperature 4	Autocoll X	Autocoll Y	Raw Autocoll X	Raw Autocoll Y	Autocoll 2 X	Autocoll 2 Y	Raw Autocoll 2 X	Raw Autocoll 2 Y	Autocoll 3 X	Autocoll 3 Y	Raw Autocoll 3 X	Raw Autocoll 3 Y	Autocoll 4 X	Autocoll 4 Y	Raw Autocoll 4 X	Raw Autocoll 4 Y	Pressure Gauge	Tilt 1	Tilt 2	Temperature	Attocube position	Attocube temperature	Attocube RH%	Attocube hPa	Attocube Ref Index	Pressure from Xrol-monitor	Flow Meter from Xrol-monitor

10:51:13	152.484000000000	-154.500000000000	-3.423722039443	0.000000000000	0.000000000000	0.000000000000	-3.426720335476	-3.423713489763	0.000000000000	0.000000000000	0.000000000000	0.000000000000	0.000000000000	0.000000000000	19.767369510567	20.350231956054	19.940336506302	19.795368608731	0.000000000000	0.000000000000	NaN	0.000139294248	0.000000000000	0.000000000000	0.000044086534	0.000134955166	0.000000000000	0.000000000000	-0.000006881930	0.000019433757	0.000000000000	0.000000000000	0.000000000000	0.000000000000	5139.300000000000	0.000000000000	0.000000000000	0.000000000000	0.000000000000	0.000000000000	0.000000000000	0.000000000000	0.000000000000	0.000000000000	0.000000000000
10:51:10	149.257000000000	-154.449980000000	-3.479324682965	0.000000000000	0.000000000000	0.000000000000	-3.482409133439	-3.479360854529	0.000000000000	0.000000000000	0.000000000000	0.000000000000	0.000000000000	0.000000000000	19.752651277169	20.347379371793	19.940804424519	19.765939229608	0.000000000000	0.000000000000	NaN	0.000138944374	0.000000000000	0.000000000000	0.000043951594	0.000135542598	0.000000000000	0.000000000000	-0.000006848802	0.000019382852	0.000000000000	0.000000000000	0.000000000000	0.000000000000	5139.600000000000	0.000000000000	0.000000000000	0.000000000000	0.000000000000	0.000000000000	0.000000000000	0.000000000000	0.000000000000	0.000000000000	0.000000000000
10:51:06	145.662000000000	-154.400000000000	-3.529566372117	0.000000000000	0.000000000000	0.000000000000	-3.532765914301	-3.529612079830	0.000000000000	0.000000000000	0.000000000000	0.000000000000	0.000000000000	0.000000000000	19.747174060226	20.344276577301	19.950274721315	19.797952458917	0.000000000000	0.000000000000	NaN	0.000138703584	0.000000000000	0.000000000000	0.000044386310	0.000135555527	0.000000000000	0.000000000000	-0.000006874658	0.000019384468	0.000000000000	0.000000000000	0.000000000000	0.000000000000	5139.800000000000	0.000000000000	0.000000000000	0.000000000000	0.000000000000	0.000000000000	0.000000000000	0.000000000000	0.000000000000	0.000000000000	0.000000000000
10:51:03	142.036000000000	-154.350000000000	-3.592408936079	0.000000000000	0.000000000000	0.000000000000	-3.595747246028	-3.592491144231	0.000000000000	0.000000000000	0.000000000000	0.000000000000	0.000000000000	0.000000000000	19.739397545725	20.335080946676	19.932297798463	19.798718278457	0.000000000000	0.000000000000	NaN	0.000138310076	0.000000000000	0.000000000000	0.000044042901	0.000135432707	0.000000000000	0.000000000000	-0.000006896475	0.000019339218	0.000000000000	0.000000000000	0.000000000000	0.000000000000	5140.300000000000	0.000000000000	0.000000000000	0.000000000000	0.000000000000	0.000000000000	0.000000000000	0.000000000000	0.000000000000	0.000000000000	0.000000000000
10:50:59	138.714000000000	-154.300020000000	-3.652975326449	0.000000000000	0.000000000000	0.000000000000	-3.656473449478	-3.653140729299	0.000000000000	0.000000000000	0.000000000000	0.000000000000	0.000000000000	0.000000000000	19.742405393314	20.360143836547	19.945032368524	19.819521579234	0.000000000000	0.000000000000	NaN	0.000138428856	0.000000000000	0.000000000000	0.000043853823	0.000135660570	0.000000000000	0.000000000000	-0.000006826177	0.000019353763	0.000000000000	0.000000000000	0.000000000000	0.000000000000	5140.500000000000	0.000000000000	0.000000000000	0.000000000000	0.000000000000	0.000000000000	0.000000000000	0.000000000000	0.000000000000	0.000000000000	0.000000000000
10:50:56	135.262000000000	-154.249980000000	-3.715499265027	0.000000000000	0.000000000000	0.000000000000	-3.719118727752	-3.715680123036	0.000000000000	0.000000000000	0.000000000000	0.000000000000	0.000000000000	0.000000000000	19.726981560569	20.330735013988	19.959741653705	19.815250658860	0.000000000000	0.000000000000	0.000063176073	0.000138414311	0.000000000000	0.000000000000	0.000044229554	0.000135410082	0.000000000000	0.000000000000	-0.000006855266	0.000019373155	0.000000000000	0.000000000000	0.000000000000	0.000000000000	5140.700000000000	0.000000000000	0.000000000000	0.000000000000	0.000000000000	0.000000000000	0.000000000000	0.000000000000	0.000000000000	0.000000000000	0.000000000000
10:50:52	131.637000000000	-154.200020000000	-3.780557525385	0.000000000000	0.000000000000	0.000000000000	-3.784311152343	-3.780716351617	0.000000000000	0.000000000000	0.000000000000	0.000000000000	0.000000000000	0.000000000000	19.735857831678	20.311383321685	19.955804989520	19.808940770438	0.000000000000	0.000000000000	0.000067158818	0.000138084638	0.000000000000	0.000000000000	0.000043771405	0.000135192724	0.000000000000	0.000000000000	-0.000006862538	0.000019397396	0.000000000000	0.000000000000	0.000000000000	0.000000000000	5141.000000000000	0.000000000000	0.000000000000	0.000000000000	0.000000000000	0.000000000000	0.000000000000	0.000000000000	0.000000000000	0.000000000000	0.000000000000
10:50:49	128.377000000000	-154.150000000000	-3.844376751126	0.000000000000	0.000000000000	0.000000000000	-3.848270790166	-3.844567802998	0.000000000000	0.000000000000	0.000000000000	0.000000000000	0.000000000000	0.000000000000	19.749578008857	20.344544808223	19.959321144418	19.802017241611	0.000000000000	0.000000000000	0.000074174880	0.000138181601	0.000000000000	0.000000000000	0.000043996843	0.000135461796	0.000000000000	0.000000000000	-0.000006824561	0.000019392548	0.000000000000	0.000000000000	0.000000000000	0.000000000000	5141.100000000000	0.000000000000	0.000000000000	0.000000000000	0.000000000000	0.000000000000	0.000000000000	0.000000000000	0.000000000000	0.000000000000	0.000000000000
10:50:45	124.590000000000	-154.100020000000	-3.906643564142	0.000000000000	0.000000000000	0.000000000000	-3.910702677758	-3.906926031585	0.000000000000	0.000000000000	0.000000000000	0.000000000000	0.000000000000	0.000000000000	19.736626980441	20.343695900498	19.949931098635	19.794761461735	0.000000000000	0.000000000000	0.000079734077	0.000137898793	0.000000000000	0.000000000000	0.000043875640	0.000135568455	0.000000000000	0.000000000000	-0.000006902131	0.000019416789	0.000000000000	0.000000000000	0.000000000000	0.000000000000	5141.300000000000	0.000000000000	0.000000000000	0.000000000000	0.000000000000	0.000000000000	0.000000000000	0.000000000000	0.000000000000	0.000000000000	0.000000000000
10:50:41	120.932000000000	-154.049980000000	-3.970094840756	0.000000000000	0.000000000000	0.000000000000	-3.974283843882	-3.970373033405	0.000000000000	0.000000000000	0.000000000000	0.000000000000	0.000000000000	0.000000000000	19.743244863769	20.332522751813	19.946346192293	19.814666435748	0.000000000000	0.000000000000	0.000083302306	0.000137835767	0.000000000000	0.000000000000	0.000044379846	0.000135309888	0.000000000000	0.000000000000	-0.000006850418	0.000019390932	0.000000000000	0.000000000000	0.000000000000	0.000000000000	5141.500000000000	0.000000000000	0.000000000000	0.000000000000	0.000000000000	0.000000000000	0.000000000000	0.000000000000	0.000000000000	0.000000000000	0.000000000000
10:50:37	116.762000000000	-154.000000000000	-4.024762666656	0.000000000000	0.000000000000	0.000000000000	-4.029026315309	-4.025059273981	0.000000000000	0.000000000000	0.000000000000	0.000000000000	0.000000000000	0.000000000000	19.750604058550	20.330628672564	19.947061222789	19.803043246386	0.000000000000	0.000000000000	0.000086228965	0.000137737188	0.000000000000	0.000000000000	0.000044080878	0.000135710667	0.000000000000	0.000000000000	-0.000006885971	0.000019411941	0.000000000000	0.000000000000	0.000000000000	0.000000000000	5141.800000000000	0.000000000000	0.000000000000	0.000000000000	0.000000000000	0.000000000000	0.000000000000	0.000000000000	0.000000000000	0.000000000000	0.000000000000
10:50:34	113.134000000000	-153.950000000000	-4.096036895716	0.000000000000	0.000000000000	0.000000000000	-4.100497187113	-4.096458130801	0.000000000000	0.000000000000	0.000000000000	0.000000000000	0.000000000000	0.000000000000	19.726848964801	20.359299816150	19.931851084162	19.806338909916	0.000000000000	0.000000000000	0.000087467664	0.000137616793	0.000000000000	0.000000000000	0.000044353181	0.000135587847	0.000000000000	0.000000000000	-0.000006867386	0.000019317402	0.000000000000	0.000000000000	0.000000000000	0.000000000000	5142.200000000000	0.000000000000	0.000000000000	0.000000000000	0.000000000000	0.000000000000	0.000000000000	0.000000000000	0.000000000000	0.000000000000	0.000000000000
10:50:30	109.683000000000	-153.900000000000	-4.173711870869	0.000000000000	0.000000000000	0.000000000000	-4.178361899646	-4.174179800317	0.000000000000	0.000000000000	0.000000000000	0.000000000000	0.000000000000	0.000000000000	19.753003123137	20.358403529419	19.914346802837	19.805442205944	0.000000000000	0.000000000000	0.000088745148	0.000137527102	0.000000000000	0.000000000000	0.000044135823	0.000135444019	0.000000000000	0.000000000000	-0.000006877890	0.000019387700	0.000000000000	0.000000000000	0.000000000000	0.000000000000	5142.400000000000	0.000000000000	0.000000000000	0.000000000000	0.000000000000	0.000000000000	0.000000000000	0.000000000000	0.000000000000	0.000000000000	0.000000000000
10:50:26	105.898000000000	-153.849980000000	-4.252821885858	0.000000000000	0.000000000000	0.000000000000	-4.257670201755	-4.253356568505	0.000000000000	0.000000000000	0.000000000000	0.000000000000	0.000000000000	0.000000000000	19.755009392042	20.330525619286	19.932723194292	19.801991042105	0.000000000000	0.000000000000	0.000090665010	0.000137277423	0.000000000000	0.000000000000	0.000044234402	0.000135602392	0.000000000000	0.000000000000	-0.000006932836	0.000019382852	0.000000000000	0.000000000000	0.000000000000	0.000000000000	5142.700000000000	0.000000000000	0.000000000000	0.000000000000	0.000000000000	0.000000000000	0.000000000000	0.000000000000	0.000000000000	0.000000000000	0.000000000000
10:50:23	102.463000000000	-153.800040000000	-4.332625093851	0.000000000000	0.000000000000	0.000000000000	-4.337675314124	-4.333177204745	0.000000000000	0.000000000000	0.000000000000	0.000000000000	0.000000000000	0.000000000000	19.730400160662	20.335337730062	19.936113420941	19.803483432336	0.000000000000	0.000000000000	0.000092832127	0.000137089154	0.000000000000	0.000000000000	0.000044387926	0.000135502197	0.000000000000	0.000000000000	-0.000006777696	0.000019420021	0.000000000000	0.000000000000	0.000000000000	0.000000000000	5143.000000000000	0.000000000000	0.000000000000	0.000000000000	0.000000000000	0.000000000000	0.000000000000	0.000000000000	0.000000000000	0.000000000000	0.000000000000
10:50:19	98.852000000000	-153.749980000000	-4.414137590174	0.000000000000	0.000000000000	0.000000000000	-4.419380178753	-4.414743958646	0.000000000000	0.000000000000	0.000000000000	0.000000000000	0.000000000000	0.000000000000	19.711691716240	20.332054984605	19.947301758924	19.808741150532	0.000000000000	0.000000000000	0.000095818580	0.000137121475	0.000000000000	0.000000000000	0.000044215009	0.000135707435	0.000000000000	0.000000000000	-0.000006863346	0.000019394164	0.000000000000	0.000000000000	0.000000000000	0.000000000000	5143.200000000000	0.000000000000	0.000000000000	0.000000000000	0.000000000000	0.000000000000	0.000000000000	0.000000000000	0.000000000000	0.000000000000	0.000000000000
10:50:16	95.241000000000	-153.700000000000	-4.501351412379	0.000000000000	0.000000000000	0.000000000000	-4.506825171737	-4.502056430953	0.000000000000	0.000000000000	0.000000000000	0.000000000000	0.000000000000	0.000000000000	19.731257673605	20.349713407211	19.941241271601	19.782036746789	0.000000000000	0.000000000000	0.000098535152	0.000137100466	0.000000000000	0.000000000000	0.000044326517	0.000135324432	0.000000000000	0.000000000000	-0.000006852034	0.000019399012	0.000000000000	0.000000000000	0.000000000000	0.000000000000	5143.400000000000	0.000000000000	0.000000000000	0.000000000000	0.000000000000	0.000000000000	0.000000000000	0.000000000000	0.000000000000	0.000000000000	0.000000000000
10:50:12	91.694000000000	-153.650000000000	-4.589737212874	0.000000000000	0.000000000000	0.000000000000	-4.595412548124	-4.590516876754	0.000000000000	0.000000000000	0.000000000000	0.000000000000	0.000000000000	0.000000000000	19.739888458551	20.332014059759	19.939906123907	19.781413262885	0.000000000000	0.000000000000	0.000100868722	0.000136861291	0.000000000000	0.000000000000	0.000044376614	0.000135513509	0.000000000000	0.000000000000	-0.000006801936	0.000019390932	0.000000000000	0.000000000000	0.000000000000	0.000000000000	5143.500000000000	0.000000000000	0.000000000000	0.000000000000	0.000000000000	0.000000000000	0.000000000000	0.000000000000	0.000000000000	0.000000000000	0.000000000000
10:50:09	88.117000000000	-153.600000000000	-4.686523080603	0.000000000000	0.000000000000	0.000000000000	-4.692461483807	-4.687397448677	0.000000000000	0.000000000000	0.000000000000	0.000000000000	0.000000000000	0.000000000000	19.733956226212	20.323713058809	19.943227605541	19.767650915733	0.000000000000	0.000000000000	0.000102727175	0.000136825738	0.000000000000	0.000000000000	0.000043996843	0.000135550678	0.000000000000	0.000000000000	-0.000006848802	0.000019395780	0.000000000000	0.000000000000	0.000000000000	0.000000000000	5143.800000000000	0.000000000000	0.000000000000	0.000000000000	0.000000000000	0.000000000000	0.000000000000	0.000000000000	0.000000000000	0.000000000000	0.000000000000
10:50:05	84.554000000000	-153.549980000000	-4.787208605634	0.000000000000	0.000000000000	0.000000000000	-4.793391991146	-4.788096456079	0.000000000000	0.000000000000	0.000000000000	0.000000000000	0.000000000000	0.000000000000	19.710195922443	20.319887230987	19.941773039551	19.770941796638	0.000000000000	0.000000000000	0.000104803794	0.000136841899	0.000000000000	0.000000000000	0.000043932201	0.000135445635	0.000000000000	0.000000000000	-0.000006855266	0.000019403860	0.000000000000	0.000000000000	0.000000000000	0.000000000000	5143.900000000000	0.000000000000	0.000000000000	0.000000000000	0.000000000000	0.000000000000	0.000000000000	0.000000000000	0.000000000000	0.000000000000	0.000000000000
10:50:01	80.783000000000	-153.500040000000	-4.883944204227	0.000000000000	0.000000000000	0.000000000000	-4.890379477615	-4.884953723288	0.000000000000	0.000000000000	0.000000000000	0.000000000000	0.000000000000	0.000000000000	19.731575156863	20.325127927565	19.951523102455	19.776184912961	0.000000000000	0.000000000000	0.000105863920	0.000136570403	0.000000000000	0.000000000000	0.000044034012	0.000135634713	0.000000000000	0.000000000000	-0.000006884355	0.000019399012	0.000000000000	0.000000000000	0.000000000000	0.000000000000	5144.100000000000	0.000000000000	0.000000000000	0.000000000000	0.000000000000	0.000000000000	0.000000000000	0.000000000000	0.000000000000	0.000000000000	0.000000000000
